0.000000  -2.104652   
0.004999  -2.101902   
0.009999  -2.098533   
0.014998  -2.094540   
0.019998  -2.089920   
0.024997  -2.084669   
0.029997  -2.078782   
0.034996  -2.072257   
0.039996  -2.065091   
0.044995  -2.057282   
0.049995  -2.048828   
0.054994  -2.039727   
0.059994  -2.029979   
0.064993  -2.019583   
0.069993  -2.008538   
0.074992  -1.996844   
0.079992  -1.984503   
0.084991  -1.971515   
0.089991  -1.957882   
0.094990  -1.943605   
0.099990  -1.928687   
0.104989  -1.913131   
0.109989  -1.896938   
0.114988  -1.880114   
0.119988  -1.862661   
0.124987  -1.844585   
0.129987  -1.825889   
0.134986  -1.806579   
0.139986  -1.786661   
0.144985  -1.766140   
0.149985  -1.745022   
0.154984  -1.723314   
0.159984  -1.701024   
0.164983  -1.678159   
0.169983  -1.654725   
0.174982  -1.630733   
0.179982  -1.606190   
0.184981  -1.581105   
0.189981  -1.555487   
0.194980  -1.529346   
0.199980  -1.502693   
0.204979  -1.475536   
0.209979  -1.447888   
0.214978  -1.419758   
0.219978  -1.391159   
0.224977  -1.362101   
0.229977  -1.332597   
0.234976  -1.302659   
0.239976  -1.272299   
0.244975  -1.241530   
0.249975  -1.210365   
0.254974  -1.178818   
0.259974  -1.146902   
0.264973  -1.114631   
0.269973  -1.082018   
0.274972  -1.049079   
0.279972  -1.015827   
0.284971  -0.982278   
0.289971  -0.948446   
0.294970  -0.914347   
0.299970  -0.879995   
0.304969  -0.845407   
0.309969  -0.810598   
0.314968  -0.775583   
0.319968  -0.740379   
0.324967  -0.705002   
0.329967  -0.669467   
0.334966  -0.633792   
0.339966  -0.597993   
0.344965  -0.562086   
0.349965  -0.526088   
0.354964  -0.490016   
0.359964  -0.453886   
0.364963  -0.417715   
0.369963  -0.381520   
0.374962  -0.345318   
0.379962  -0.309125   
0.384961  -0.272959   
0.389961  -0.236837   
0.394960  -0.200775   
0.399960  -0.164790   
0.404959  -0.128900   
0.409959  -0.093120   
0.414958  -0.057468   
0.419958  -0.021960   
0.424957  0.013387   
0.429957  0.048557   
0.434956  0.083533   
0.439956  0.118299   
0.444955  0.152839   
0.449955  0.187136   
0.454954  0.221176   
0.459954  0.254942   
0.464953  0.288418   
0.469953  0.321590   
0.474952  0.354442   
0.479952  0.386958   
0.484951  0.419125   
0.489951  0.450927   
0.494950  0.482351   
0.499950  0.513381   
0.504949  0.544004   
0.509949  0.574207   
0.514948  0.603975   
0.519948  0.633296   
0.524947  0.662157   
0.529947  0.690545   
0.534946  0.718448   
0.539946  0.745854   
0.544945  0.772751   
0.549945  0.799128   
0.554944  0.824973   
0.559944  0.850276   
0.564943  0.875027   
0.569943  0.899215   
0.574942  0.922830   
0.579942  0.945864   
0.584941  0.968307   
0.589941  0.990150   
0.594940  1.011386   
0.599940  1.032006   
0.604939  1.052002   
0.609939  1.071369   
0.614938  1.090098   
0.619938  1.108184   
0.624937  1.125620   
0.629937  1.142401   
0.634936  1.158522   
0.639936  1.173979   
0.644935  1.188766   
0.649935  1.202879   
0.654934  1.216317   
0.659934  1.229074   
0.664933  1.241149   
0.669933  1.252540   
0.674932  1.263244   
0.679932  1.273260   
0.684931  1.282587   
0.689931  1.291225   
0.694930  1.299174   
0.699930  1.306434   
0.704929  1.313005   
0.709929  1.318889   
0.714928  1.324088   
0.719928  1.328603   
0.724927  1.332436   
0.729927  1.335592   
0.734926  1.338073   
0.739926  1.339882   
0.744925  1.341025   
0.749925  1.341504   
0.754924  1.341327   
0.759924  1.340496   
0.764923  1.339019   
0.769923  1.336902   
0.774922  1.334151   
0.779922  1.330773   
0.784921  1.326775   
0.789921  1.322165   
0.794920  1.316950   
0.799920  1.311141   
0.804919  1.304744   
0.809919  1.297770   
0.814918  1.290228   
0.819918  1.282127   
0.824917  1.273478   
0.829917  1.264291   
0.834916  1.254578   
0.839916  1.244348   
0.844915  1.233614   
0.849915  1.222388   
0.854914  1.210681   
0.859914  1.198505   
0.864913  1.185874   
0.869913  1.172800   
0.874912  1.159296   
0.879912  1.145375   
0.884911  1.131052   
0.889911  1.116340   
0.894910  1.101252   
0.899910  1.085804   
0.904909  1.070010   
0.909909  1.053884   
0.914908  1.037441   
0.919908  1.020696   
0.924907  1.003664   
0.929907  0.986361   
0.934906  0.968802   
0.939906  0.951003   
0.944905  0.932979   
0.949905  0.914746   
0.954904  0.896321   
0.959904  0.877718   
0.964903  0.858954   
0.969903  0.840045   
0.974902  0.821008   
0.979902  0.801859   
0.984901  0.782613   
0.989901  0.763287   
0.994900  0.743898   
0.999900  0.724461   
1.004899  0.704994   
1.009899  0.685512   
1.014898  0.666031   
1.019898  0.646567   
1.024897  0.627137   
1.029897  0.607757   
1.034896  0.588443   
1.039896  0.569210   
1.044895  0.550074   
1.049895  0.531052   
1.054894  0.512157   
1.059894  0.493407   
1.064893  0.474815   
1.069893  0.456398   
1.074892  0.438170   
1.079892  0.420145   
1.084891  0.402339   
1.089891  0.384766   
1.094890  0.367439   
1.099890  0.350373   
1.104889  0.333582   
1.109889  0.317078   
1.114888  0.300876   
1.119888  0.284988   
1.124887  0.269426   
1.129887  0.254204   
1.134886  0.239333   
1.139886  0.224825   
1.144885  0.210692   
1.149885  0.196945   
1.154884  0.183595   
1.159884  0.170652   
1.164883  0.158127   
1.169883  0.146029   
1.174882  0.134369   
1.179882  0.123155   
1.184881  0.112397   
1.189881  0.102102   
1.194880  0.092280   
1.199880  0.082937   
1.204879  0.074080   
1.209879  0.065718   
1.214878  0.057857   
1.219878  0.050502   
1.224877  0.043659   
1.229877  0.037334   
1.234876  0.031532   
1.239876  0.026258   
1.244875  0.021514   
1.249875  0.017306   
1.254874  0.013635   
1.259874  0.010506   
1.264873  0.007920   
1.269873  0.005880   
1.274872  0.004386   
1.279872  0.003440   
1.284871  0.003042   
1.289871  0.003194   
1.294870  0.003893   
1.299870  0.005140   
1.304869  0.006934   
1.309869  0.009272   
1.314868  0.012153   
1.319868  0.015574   
1.324867  0.019533   
1.329867  0.024026   
1.334866  0.029048   
1.339866  0.034597   
1.344865  0.040667   
1.349865  0.047252   
1.354864  0.054349   
1.359864  0.061949   
1.364863  0.070048   
1.369863  0.078638   
1.374862  0.087711   
1.379862  0.097261   
1.384861  0.107279   
1.389861  0.117757   
1.394860  0.128686   
1.399860  0.140056   
1.404859  0.151859   
1.409859  0.164083   
1.414858  0.176718   
1.419858  0.189754   
1.424857  0.203180   
1.429857  0.216984   
1.434856  0.231153   
1.439856  0.245677   
1.444855  0.260542   
1.449855  0.275736   
1.454854  0.291245   
1.459854  0.307057   
1.464853  0.323156   
1.469853  0.339529   
1.474852  0.356162   
1.479852  0.373041   
1.484851  0.390149   
1.489851  0.407473   
1.494850  0.424996   
1.499850  0.442703   
1.504849  0.460578   
1.509849  0.478606   
1.514848  0.496769   
1.519848  0.515052   
1.524847  0.533437   
1.529847  0.551908   
1.534846  0.570449   
1.539846  0.589041   
1.544845  0.607667   
1.549845  0.626311   
1.554844  0.644954   
1.559844  0.663579   
1.564843  0.682169   
1.569843  0.700705   
1.574842  0.719170   
1.579842  0.737545   
1.584841  0.755813   
1.589841  0.773956   
1.594840  0.791956   
1.599840  0.809794   
1.604839  0.827453   
1.609839  0.844915   
1.614838  0.862161   
1.619838  0.879175   
1.624837  0.895937   
1.629837  0.912431   
1.634836  0.928637   
1.639836  0.944540   
1.644835  0.960121   
1.649835  0.975362   
1.654834  0.990247   
1.659834  1.004759   
1.664833  1.018879   
1.669833  1.032593   
1.674832  1.045881   
1.679832  1.058730   
1.684831  1.071121   
1.689831  1.083039   
1.694830  1.094468   
1.699830  1.105393   
1.704829  1.115797   
1.709829  1.125667   
1.714828  1.134986   
1.719828  1.143741   
1.724827  1.151917   
1.729827  1.159500   
1.734826  1.166477   
1.739826  1.172834   
1.744825  1.178558   
1.749825  1.183636   
1.754824  1.188056   
1.759824  1.191806   
1.764823  1.194874   
1.769823  1.197250   
1.774822  1.198921   
1.779822  1.199878   
1.784821  1.200111   
1.789821  1.199610   
1.794820  1.198366   
1.799820  1.196369   
1.804819  1.193612   
1.809819  1.190086   
1.814818  1.185784   
1.819818  1.180699   
1.824817  1.174825   
1.829817  1.168155   
1.834816  1.160683   
1.839816  1.152405   
1.844815  1.143315   
1.849815  1.133410   
1.854814  1.122686   
1.859814  1.111139   
1.864813  1.098767   
1.869813  1.085568   
1.874812  1.071539   
1.879812  1.056680   
1.884811  1.040991   
1.889811  1.024470   
1.894810  1.007118   
1.899810  0.988937   
1.904809  0.969927   
1.909809  0.950090   
1.914808  0.929430   
1.919808  0.907948   
1.924807  0.885648   
1.929807  0.862535   
1.934806  0.838613   
1.939806  0.813887   
1.944805  0.788363   
1.949805  0.762046   
1.954804  0.734944   
1.959804  0.707063   
1.964803  0.678412   
1.969803  0.648998   
1.974802  0.618830   
1.979802  0.587917   
1.984801  0.556270   
1.989801  0.523898   
1.994800  0.490812   
1.999800  0.457023   
2.004799  0.422543   
2.009799  0.387384   
2.014798  0.351559   
2.019798  0.315080   
2.024797  0.277962   
2.029797  0.240219   
2.034796  0.201864   
2.039796  0.162914   
2.044795  0.123382   
2.049795  0.083286   
2.054794  0.042641   
2.059794  0.001464   
2.064793  -0.040228   
2.069793  -0.082417   
2.074792  -0.125087   
2.079792  -0.168217   
2.084791  -0.211791   
2.089791  -0.255789   
2.094790  -0.300192   
2.099790  -0.344980   
2.104789  -0.390132   
2.109789  -0.435630   
2.114788  -0.481452   
2.119788  -0.527578   
2.124787  -0.573986   
2.129787  -0.620654   
2.134786  -0.667562   
2.139786  -0.714687   
2.144785  -0.762007   
2.149785  -0.809500   
2.154784  -0.857143   
2.159784  -0.904913   
2.164783  -0.952786   
2.169783  -1.000741   
2.174782  -1.048754   
2.179782  -1.096800   
2.184781  -1.144857   
2.189781  -1.192901   
2.194780  -1.240907   
2.199780  -1.288852   
2.204779  -1.336712   
2.209779  -1.384462   
2.214778  -1.432079   
2.219778  -1.479538   
2.224777  -1.526815   
2.229777  -1.573885   
2.234776  -1.620725   
2.239776  -1.667310   
2.244775  -1.713616   
2.249775  -1.759618   
2.254774  -1.805293   
2.259774  -1.850616   
2.264773  -1.895563   
2.269773  -1.940111   
2.274772  -1.984236   
2.279772  -2.027914   
2.284771  -2.071121   
2.289771  -2.113835   
2.294770  -2.156031   
2.299770  -2.197687   
2.304769  -2.238781   
2.309769  -2.279289   
2.314768  -2.319188   
2.319768  -2.358458   
2.324767  -2.397075   
2.329767  -2.435019   
2.334766  -2.472267   
2.339766  -2.508800   
2.344765  -2.544595   
2.349765  -2.579632   
2.354764  -2.613891   
2.359764  -2.647353   
2.364763  -2.679998   
2.369763  -2.711806   
2.374762  -2.742759   
2.379762  -2.772838   
2.384761  -2.802026   
2.389761  -2.830304   
2.394760  -2.857656   
2.399760  -2.884065   
2.404759  -2.909515   
2.409759  -2.933989   
2.414758  -2.957472   
2.419758  -2.979949   
2.424757  -3.001407   
2.429757  -3.021829   
2.434756  -3.041204   
2.439756  -3.059519   
2.444755  -3.076759   
2.449755  -3.092915   
2.454754  -3.107974   
2.459754  -3.121924   
2.464753  -3.134757   
2.469753  -3.146462   
2.474752  -3.157030   
2.479752  -3.166451   
2.484751  -3.174718   
2.489751  -3.181824   
2.494750  -3.187761   
2.499750  -3.192522   
2.504749  -3.196102   
2.509749  -3.198497   
2.514748  -3.199700   
2.519748  -3.199707   
2.524747  -3.198517   
2.529747  -3.196125   
2.534746  -3.192529   
2.539746  -3.187728   
2.544745  -3.181721   
2.549745  -3.174506   
2.554744  -3.166086   
2.559744  -3.156459   
2.564743  -3.145628   
2.569743  -3.133595   
2.574742  -3.120362   
2.579742  -3.105933   
2.584741  -3.090311   
2.589741  -3.073501   
2.594740  -3.055509   
2.599740  -3.036339   
2.604739  -3.015999   
2.609739  -2.994494   
2.614738  -2.971834   
2.619738  -2.948025   
2.624737  -2.923076   
2.629737  -2.896998   
2.634736  -2.869800   
2.639736  -2.841491   
2.644735  -2.812085   
2.649735  -2.781591   
2.654734  -2.750022   
2.659734  -2.717392   
2.664733  -2.683713   
2.669733  -2.649000   
2.674732  -2.613266   
2.679732  -2.576527   
2.684731  -2.538798   
2.689731  -2.500095   
2.694730  -2.460435   
2.699730  -2.419835   
2.704729  -2.378312   
2.709729  -2.335885   
2.714728  -2.292571   
2.719728  -2.248390   
2.724727  -2.203361   
2.729727  -2.157504   
2.734726  -2.110839   
2.739726  -2.063388   
2.744725  -2.015171   
2.749725  -1.966209   
2.754724  -1.916525   
2.759724  -1.866141   
2.764723  -1.815079   
2.769723  -1.763363   
2.774722  -1.711016   
2.779722  -1.658062   
2.784721  -1.604525   
2.789721  -1.550429   
2.794720  -1.495799   
2.799720  -1.440659   
2.804719  -1.385035   
2.809719  -1.328953   
2.814718  -1.272438   
2.819718  -1.215516   
2.824717  -1.158212   
2.829717  -1.100555   
2.834716  -1.042569   
2.839716  -0.984282   
2.844715  -0.925720   
2.849715  -0.866911   
2.854714  -0.807882   
2.859714  -0.748660   
2.864713  -0.689271   
2.869713  -0.629745   
2.874712  -0.570107   
2.879712  -0.510387   
2.884711  -0.450610   
2.889711  -0.390806   
2.894710  -0.331001   
2.899710  -0.271224   
2.904709  -0.211501   
2.909709  -0.151861   
2.914708  -0.092331   
2.919708  -0.032938   
2.924707  0.026290   
2.929707  0.085325   
2.934706  0.144141   
2.939706  0.202711   
2.944705  0.261007   
2.949705  0.319003   
2.954704  0.376672   
2.959704  0.433988   
2.964703  0.490924   
2.969703  0.547454   
2.974702  0.603552   
2.979702  0.659194   
2.984701  0.714352   
2.989701  0.769003   
2.994700  0.823122   
2.999700  0.876683   
3.004699  0.929662   
3.009699  0.982037   
3.014698  1.033782   
3.019698  1.084875   
3.024697  1.135292   
3.029697  1.185012   
3.034696  1.234012   
3.039696  1.282270   
3.044695  1.329764   
3.049695  1.376474   
3.054694  1.422379   
3.059694  1.467459   
3.064693  1.511693   
3.069693  1.555064   
3.074692  1.597551   
3.079692  1.639137   
3.084691  1.679804   
3.089691  1.719533   
3.094690  1.758309   
3.099690  1.796115   
3.104689  1.832934   
3.109689  1.868752   
3.114688  1.903554   
3.119688  1.937325   
3.124687  1.970052   
3.129687  2.001720   
3.134686  2.032319   
3.139686  2.061835   
3.144685  2.090256   
3.149685  2.117573   
3.154684  2.143774   
3.159684  2.168849   
3.164683  2.192790   
3.169683  2.215588   
3.174682  2.237234   
3.179682  2.257721   
3.184681  2.277043   
3.189681  2.295192   
3.194680  2.312164   
3.199680  2.327953   
3.204679  2.342554   
3.209679  2.355965   
3.214678  2.368181   
3.219678  2.379200   
3.224677  2.389020   
3.229677  2.397639   
3.234676  2.405058   
3.239676  2.411274   
3.244675  2.416290   
3.249675  2.420106   
3.254674  2.422723   
3.259674  2.424144   
3.264673  2.424371   
3.269673  2.423409   
3.274672  2.421261   
3.279672  2.417931   
3.284671  2.413425   
3.289671  2.407749   
3.294670  2.400909   
3.299670  2.392911   
3.304669  2.383764   
3.309669  2.373476   
3.314668  2.362054   
3.319668  2.349509   
3.324667  2.335850   
3.329667  2.321086   
3.334666  2.305230   
3.339666  2.288292   
3.344665  2.270283   
3.349665  2.251218   
3.354664  2.231107   
3.359664  2.209965   
3.364663  2.187805   
3.369663  2.164641   
3.374662  2.140489   
3.379662  2.115363   
3.384661  2.089280   
3.389661  2.062254   
3.394660  2.034303   
3.399660  2.005444   
3.404659  1.975693   
3.409659  1.945069   
3.414658  1.913590   
3.419658  1.881273   
3.424657  1.848139   
3.429657  1.814206   
3.434656  1.779493   
3.439656  1.744020   
3.444655  1.707808   
3.449655  1.670877   
3.454654  1.633248   
3.459654  1.594942   
3.464653  1.555979   
3.469653  1.516382   
3.474652  1.476172   
3.479652  1.435371   
3.484651  1.394002   
3.489651  1.352087   
3.494650  1.309647   
3.499650  1.266707   
3.504649  1.223289   
3.509649  1.179416   
3.514648  1.135111   
3.519648  1.090398   
3.524647  1.045300   
3.529647  0.999840   
3.534646  0.954041   
3.539646  0.907929   
3.544645  0.861525   
3.549645  0.814855   
3.554644  0.767941   
3.559644  0.720808   
3.564643  0.673478   
3.569643  0.625977   
3.574642  0.578327   
3.579642  0.530552   
3.584641  0.482676   
3.589641  0.434722   
3.594640  0.386713   
3.599640  0.338674   
3.604639  0.290627   
3.609639  0.242594   
3.614638  0.194600   
3.619638  0.146667   
3.624637  0.098817   
3.629637  0.051074   
3.634636  0.003458   
3.639636  -0.044007   
3.644635  -0.091300   
3.649635  -0.138400   
3.654634  -0.185284   
3.659634  -0.231932   
3.664633  -0.278323   
3.669633  -0.324437   
3.674632  -0.370252   
3.679632  -0.415750   
3.684631  -0.460909   
3.689631  -0.505712   
3.694630  -0.550138   
3.699630  -0.594169   
3.704629  -0.637787   
3.709629  -0.680974   
3.714628  -0.723711   
3.719628  -0.765982   
3.724627  -0.807769   
3.729627  -0.849057   
3.734626  -0.889828   
3.739626  -0.930068   
3.744625  -0.969760   
3.749625  -1.008890   
3.754624  -1.047444   
3.759624  -1.085407   
3.764623  -1.122765   
3.769623  -1.159507   
3.774622  -1.195617   
3.779622  -1.231086   
3.784621  -1.265900   
3.789621  -1.300048   
3.794620  -1.333520   
3.799620  -1.366305   
3.804619  -1.398393   
3.809619  -1.429775   
3.814618  -1.460442   
3.819618  -1.490385   
3.824617  -1.519597   
3.829617  -1.548070   
3.834616  -1.575796   
3.839616  -1.602770   
3.844615  -1.628986   
3.849615  -1.654438   
3.854614  -1.679122   
3.859614  -1.703032   
3.864613  -1.726165   
3.869613  -1.748517   
3.874612  -1.770086   
3.879612  -1.790869   
3.884611  -1.810865   
3.889611  -1.830071   
3.894610  -1.848487   
3.899610  -1.866113   
3.904609  -1.882948   
3.909609  -1.898994   
3.914608  -1.914251   
3.919608  -1.928720   
3.924607  -1.942405   
3.929607  -1.955307   
3.934606  -1.967430   
3.939606  -1.978776   
3.944605  -1.989351   
3.949605  -1.999158   
3.954604  -2.008202   
3.959604  -2.016489   
3.964603  -2.024024   
3.969603  -2.030814   
3.974602  -2.036865   
3.979602  -2.042184   
3.984601  -2.046780   
3.989601  -2.050659   
3.994600  -2.053830   
3.999600  -2.056303   
4.004599  -2.058085   
4.009599  -2.059187   
4.014598  -2.059619   
4.019598  -2.059390   
4.024597  -2.058511   
4.029597  -2.056994   
4.034596  -2.054850   
4.039596  -2.052090   
4.044595  -2.048727   
4.049595  -2.044772   
4.054594  -2.040238   
4.059594  -2.035138   
4.064593  -2.029486   
4.069593  -2.023295   
4.074592  -2.016578   
4.079592  -2.009350   
4.084591  -2.001624   
4.089591  -1.993415   
4.094590  -1.984739   
4.099590  -1.975609   
4.104589  -1.966041   
4.109589  -1.956050   
4.114588  -1.945651   
4.119588  -1.934861   
4.124587  -1.923695   
4.129587  -1.912168   
4.134586  -1.900298   
4.139586  -1.888099   
4.144585  -1.875589   
4.149585  -1.862783   
4.154584  -1.849699   
4.159584  -1.836352   
4.164583  -1.822760   
4.169583  -1.808938   
4.174582  -1.794904   
4.179582  -1.780675   
4.184581  -1.766266   
4.189581  -1.751695   
4.194580  -1.736978   
4.199580  -1.722132   
4.204579  -1.707175   
4.209579  -1.692121   
4.214578  -1.676988   
4.219578  -1.661793   
4.224577  -1.646551   
4.229577  -1.631280   
4.234576  -1.615994   
4.239576  -1.600711   
4.244575  -1.585447   
4.249575  -1.570216   
4.254574  -1.555035   
4.259574  -1.539920   
4.264573  -1.524886   
4.269573  -1.509947   
4.274572  -1.495119   
4.279572  -1.480418   
4.284571  -1.465856   
4.289571  -1.451449   
4.294570  -1.437212   
4.299570  -1.423157   
4.304569  -1.409298   
4.309569  -1.395649   
4.314568  -1.382224   
4.319568  -1.369034   
4.324567  -1.356093   
4.329567  -1.343413   
4.334566  -1.331006   
4.339566  -1.318884   
4.344565  -1.307057   
4.349565  -1.295538   
4.354564  -1.284336   
4.359564  -1.273463   
4.364563  -1.262928   
4.369563  -1.252741   
4.374562  -1.242912   
4.379562  -1.233450   
4.384561  -1.224362   
4.389561  -1.215658   
4.394560  -1.207346   
4.399560  -1.199433   
4.404559  -1.191925   
4.409559  -1.184831   
4.414558  -1.178156   
4.419558  -1.171906   
4.424557  -1.166087   
4.429557  -1.160704   
4.434556  -1.155762   
4.439556  -1.151266   
4.444555  -1.147218   
4.449555  -1.143623   
4.454554  -1.140484   
4.459554  -1.137804   
4.464553  -1.135584   
4.469553  -1.133827   
4.474552  -1.132535   
4.479552  -1.131707   
4.484551  -1.131346   
4.489551  -1.131451   
4.494550  -1.132021   
4.499550  -1.133057   
4.504549  -1.134557   
4.509549  -1.136520   
4.514548  -1.138944   
4.519548  -1.141827   
4.524547  -1.145165   
4.529547  -1.148956   
4.534546  -1.153197   
4.539546  -1.157884   
4.544545  -1.163011   
4.549545  -1.168575   
4.554544  -1.174571   
4.559544  -1.180992   
4.564543  -1.187834   
4.569543  -1.195089   
4.574542  -1.202752   
4.579542  -1.210816   
4.584541  -1.219272   
4.589541  -1.228114   
4.594540  -1.237334   
4.599540  -1.246922   
4.604539  -1.256871   
4.609539  -1.267172   
4.614538  -1.277814   
4.619538  -1.288789   
4.624537  -1.300086   
4.629537  -1.311695   
4.634536  -1.323606   
4.639536  -1.335808   
4.644535  -1.348289   
4.649535  -1.361039   
4.654534  -1.374045   
4.659534  -1.387296   
4.664533  -1.400780   
4.669533  -1.414484   
4.674532  -1.428395   
4.679532  -1.442501   
4.684531  -1.456789   
4.689531  -1.471245   
4.694530  -1.485857   
4.699530  -1.500610   
4.704529  -1.515490   
4.709529  -1.530485   
4.714528  -1.545580   
4.719528  -1.560760   
4.724527  -1.576011   
4.729527  -1.591319   
4.734526  -1.606670   
4.739526  -1.622048   
4.744525  -1.637440   
4.749525  -1.652829   
4.754524  -1.668202   
4.759524  -1.683543   
4.764523  -1.698837   
4.769523  -1.714070   
4.774522  -1.729226   
4.779522  -1.744291   
4.784521  -1.759249   
4.789521  -1.774085   
4.794520  -1.788785   
4.799520  -1.803333   
4.804519  -1.817715   
4.809519  -1.831916   
4.814518  -1.845920   
4.819518  -1.859714   
4.824517  -1.873282   
4.829517  -1.886610   
4.834516  -1.899684   
4.839516  -1.912489   
4.844515  -1.925011   
4.849515  -1.937236   
4.854514  -1.949151   
4.859514  -1.960741   
4.864513  -1.971993   
4.869513  -1.982893   
4.874512  -1.993429   
4.879512  -2.003587   
4.884511  -2.013355   
4.889511  -2.022720   
4.894510  -2.031670   
4.899510  -2.040192   
4.904509  -2.048275   
4.909509  -2.055907   
4.914508  -2.063077   
4.919508  -2.069773   
4.924507  -2.075985   
4.929507  -2.081703   
4.934506  -2.086915   
4.939506  -2.091613   
4.944505  -2.095786   
4.949505  -2.099426   
4.954504  -2.102522   
4.959504  -2.105068   
4.964503  -2.107053   
4.969503  -2.108471   
4.974502  -2.109313   
4.979502  -2.109573   
4.984501  -2.109243   
4.989501  -2.108317   
4.994500  -2.106789   
